{"producer":{"name":"Blender","version":"2.78 (sub 0)","exporter_version":"5.1.0","file":"Player.babylon"},
"autoClear":true,"clearColor":[0.0509,0.0509,0.0509],"ambientColor":[0,0,0],"gravity":[0,-9.81,0],
"materials":[],
"multiMaterials":[],
"skeletons":[{"name":"Armature","id":0,"dimensionsAtRest":[0.8909,1.6968,0.2267],"bones":[
{"name":"pelvis","index":0,"matrix":[-1,0,0,0,0,0.9976,-0.0694,0,0,0.0694,0.9976,0,0,0.8801,0.041,1],"rest":[-1,0,0,0,0,0.9976,-0.0694,0,0,0.0694,0.9976,0,0,0.8801,0.041,1],"parentBoneIndex":-1,"length":0.1219},
{"name":"thigh.L","index":1,"matrix":[-0.974,0.2257,0.0205,0,-0.2265,-0.9725,-0.0537,0,0.0078,-0.057,0.9983,0,-0.0879,0.1022,0.0124,1],"rest":[-0.974,0.2257,0.0205,0,-0.2265,-0.9725,-0.0537,0,0.0078,-0.057,0.9983,0,-0.0879,0.1022,0.0124,1],"parentBoneIndex":0,"length":0.4577},
{"name":"shin.L","index":2,"matrix":[0.9969,0.0738,-0.0267,0,-0.0729,0.9968,0.0323,0,0.029,-0.0303,0.9991,0,0,0.4577,0,1],"rest":[0.9969,0.0738,-0.0267,0,-0.0729,0.9968,0.0323,0,0.029,-0.0303,0.9991,0,0,0.4577,0,1],"parentBoneIndex":1,"length":0.4242},
{"name":"foot.L","index":3,"matrix":[-0.9816,-0.0292,-0.1889,0,0.1457,0.525,-0.8385,0,0.1237,-0.8506,-0.511,0,0,0.4242,0,1],"rest":[-0.9816,-0.0292,-0.1889,0,0.1457,0.525,-0.8385,0,0.1237,-0.8506,-0.511,0,0,0.4242,0,1],"parentBoneIndex":2,"length":0.1313},
{"name":"toe.L","index":4,"matrix":[0.991,-0.0943,0.0952,0,0.0275,0.8387,0.544,0,-0.1311,-0.5364,0.8337,0,0,0.1313,0,1],"rest":[0.991,-0.0943,0.0952,0,0.0275,0.8387,0.544,0,-0.1311,-0.5364,0.8337,0,0,0.1313,0,1],"parentBoneIndex":3,"length":0.0838},
{"name":"heel.L","index":5,"matrix":[0.9893,-0.1247,0.0756,0,0.0634,0.8347,0.5471,0,-0.1313,-0.5364,0.8337,0,0.0054,0.0176,-0.094,1],"rest":[0.9893,-0.1247,0.0756,0,0.0634,0.8347,0.5471,0,-0.1313,-0.5364,0.8337,0,0.0054,0.0176,-0.094,1],"parentBoneIndex":3,"length":0.172},
{"name":"thigh.R","index":6,"matrix":[-0.974,-0.2257,-0.0205,0,0.2265,-0.9725,-0.0537,0,-0.0078,-0.057,0.9983,0,0.0879,0.1022,0.0124,1],"rest":[-0.974,-0.2257,-0.0205,0,0.2265,-0.9725,-0.0537,0,-0.0078,-0.057,0.9983,0,0.0879,0.1022,0.0124,1],"parentBoneIndex":0,"length":0.4577},
{"name":"shin.R","index":7,"matrix":[0.9969,-0.0738,0.0267,0,0.0729,0.9968,0.0323,0,-0.029,-0.0303,0.9991,0,0,0.4577,0,1],"rest":[0.9969,-0.0738,0.0267,0,0.0729,0.9968,0.0323,0,-0.029,-0.0303,0.9991,0,0,0.4577,0,1],"parentBoneIndex":6,"length":0.4242},
{"name":"foot.R","index":8,"matrix":[-0.9793,0.0438,0.1976,0,-0.1457,0.525,-0.8385,0,-0.1404,-0.85,-0.5077,0,0,0.4242,0,1],"rest":[-0.9793,0.0438,0.1976,0,-0.1457,0.525,-0.8385,0,-0.1404,-0.85,-0.5077,0,0,0.4242,0,1],"parentBoneIndex":7,"length":0.1313},
{"name":"toe.R","index":9,"matrix":[0.9925,0.0942,-0.0781,0,-0.0368,0.8387,0.5434,0,0.1167,-0.5364,0.8358,0,0,0.1313,0,1],"rest":[0.9925,0.0942,-0.0781,0,-0.0368,0.8387,0.5434,0,0.1167,-0.5364,0.8358,0,0,0.1313,0,1],"parentBoneIndex":8,"length":0.0838},
{"name":"heel.R","index":10,"matrix":[0.9905,0.1246,-0.0586,0,-0.0727,0.8347,0.5459,0,0.1169,-0.5364,0.8358,0,-0.0038,0.0176,-0.0941,1],"rest":[0.9905,0.1246,-0.0586,0,-0.0727,0.8347,0.5459,0,0.1169,-0.5364,0.8358,0,-0.0038,0.0176,-0.0941,1],"parentBoneIndex":8,"length":0.172},
{"name":"stomach","index":11,"matrix":[1,0,0,0,0,0.9646,0.2638,0,0,-0.2638,0.9646,0,0,0.1219,0,1],"rest":[1,0,0,0,0,0.9646,0.2638,0,0,-0.2638,0.9646,0,0,0.1219,0,1],"parentBoneIndex":0,"length":0.2744},
{"name":"chest","index":12,"matrix":[1,0,0,0,0,0.9637,-0.2671,0,0,0.2671,0.9637,0,0,0.2744,0,1],"rest":[1,0,0,0,0,0.9637,-0.2671,0,0,0.2671,0.9637,0,0,0.2744,0,1],"parentBoneIndex":11,"length":0.2262},
{"name":"upper_arm.L","index":13,"matrix":[0.8138,-0.5746,-0.0868,0,-0.5783,-0.8155,-0.0235,0,-0.0573,0.0693,-0.9959,0,-0.16,0.1602,0.0013,1],"rest":[0.8138,-0.5746,-0.0868,0,-0.5783,-0.8155,-0.0235,0,-0.0573,0.0693,-0.9959,0,-0.16,0.1602,0.0013,1],"parentBoneIndex":12,"length":0.2855},
{"name":"forearm.L","index":14,"matrix":[0.9666,-0.228,-0.117,0,0.238,0.9679,0.0806,0,0.0949,-0.1057,0.9899,0,0,0.2855,0,1],"rest":[0.9666,-0.228,-0.117,0,0.238,0.9679,0.0806,0,0.0949,-0.1057,0.9899,0,0,0.2855,0,1],"parentBoneIndex":13,"length":0.2646},
{"name":"hand.L","index":15,"matrix":[0.0718,0.0534,-0.996,0,0.0669,0.9961,0.0582,0,0.9952,-0.0708,0.0679,0,0,0.2646,0,1],"rest":[0.0718,0.0534,-0.996,0,0.0669,0.9961,0.0582,0,0.9952,-0.0708,0.0679,0,0,0.2646,0,1],"parentBoneIndex":14,"length":0.0634},
{"name":"index.L.001","index":16,"matrix":[0.0016,-0.4593,0.8883,0,-0.1581,0.877,0.4537,0,-0.9874,-0.1412,-0.0712,0,-0.0318,0.0807,0.0043,1],"rest":[0.0016,-0.4593,0.8883,0,-0.1581,0.877,0.4537,0,-0.9874,-0.1412,-0.0712,0,-0.0318,0.0807,0.0043,1],"parentBoneIndex":15,"length":0.0326},
{"name":"index.L.002","index":17,"matrix":[0.9548,-0.2955,-0.032,0,0.2861,0.943,-0.17,0,0.0804,0.1532,0.9849,0,0,0.0326,0,1],"rest":[0.9548,-0.2955,-0.032,0,0.2861,0.943,-0.17,0,0.0804,0.1532,0.9849,0,0,0.0326,0,1],"parentBoneIndex":16,"length":0.0215},
{"name":"index.L.003","index":18,"matrix":[0.8065,-0.4108,-0.4253,0,0.523,0.8312,0.1889,0,0.2759,-0.3747,0.8851,0,0,0.0215,0,1],"rest":[0.8065,-0.4108,-0.4253,0,0.523,0.8312,0.1889,0,0.2759,-0.3747,0.8851,0,0,0.0215,0,1],"parentBoneIndex":17,"length":0.0155},
{"name":"middle.L.001","index":19,"matrix":[-0.0533,-0.2206,0.9739,0,-0.102,0.9714,0.2145,0,-0.9934,-0.0879,-0.0743,0,-0.01,0.0808,0.0051,1],"rest":[-0.0533,-0.2206,0.9739,0,-0.102,0.9714,0.2145,0,-0.9934,-0.0879,-0.0743,0,-0.01,0.0808,0.0051,1],"parentBoneIndex":15,"length":0.0335},
{"name":"middle.L.002","index":20,"matrix":[0.8738,-0.4862,0.0072,0,0.4861,0.8739,0.0071,0,-0.0097,-0.0027,0.9999,0,0,0.0335,0,1],"rest":[0.8738,-0.4862,0.0072,0,0.4861,0.8739,0.0071,0,-0.0097,-0.0027,0.9999,0,0,0.0335,0,1],"parentBoneIndex":19,"length":0.0273},
{"name":"middle.L.003","index":21,"matrix":[0.8027,-0.5959,0.0223,0,0.5963,0.8021,-0.0319,0,0.0012,0.0389,0.9992,0,0,0.0273,0,1],"rest":[0.8027,-0.5959,0.0223,0,0.5963,0.8021,-0.0319,0,0.0012,0.0389,0.9992,0,0,0.0273,0,1],"parentBoneIndex":20,"length":0.0167},
{"name":"ring.L.001","index":22,"matrix":[-0.0213,-0.1808,0.9833,0,0.0875,0.9794,0.1819,0,-0.9959,0.0899,-0.005,0,0.0107,0.079,0.0059,1],"rest":[-0.0213,-0.1808,0.9833,0,0.0875,0.9794,0.1819,0,-0.9959,0.0899,-0.005,0,0.0107,0.079,0.0059,1],"parentBoneIndex":15,"length":0.0312},
{"name":"ring.L.002","index":23,"matrix":[0.8904,-0.4533,-0.0419,0,0.4549,0.8893,0.0464,0,0.0162,-0.0604,0.998,0,0,0.0312,0,1],"rest":[0.8904,-0.4533,-0.0419,0,0.4549,0.8893,0.0464,0,0.0162,-0.0604,0.998,0,0,0.0312,0,1],"parentBoneIndex":22,"length":0.0257},
{"name":"ring.L.003","index":24,"matrix":[0.7792,-0.5045,-0.3719,0,0.61,0.7466,0.2653,0,0.1438,-0.4336,0.8896,0,0,0.0257,0,1],"rest":[0.7792,-0.5045,-0.3719,0,0.61,0.7466,0.2653,0,0.1438,-0.4336,0.8896,0,0,0.0257,0,1],"parentBoneIndex":23,"length":0.0164},
{"name":"pinky.L.001","index":25,"matrix":[-0.0827,-0.5136,0.854,0,0.1509,0.8406,0.5201,0,-0.9851,0.1719,0.008,0,0.0311,0.0751,0.0049,1],"rest":[-0.0827,-0.5136,0.854,0,0.1509,0.8406,0.5201,0,-0.9851,0.1719,0.008,0,0.0311,0.0751,0.0049,1],"parentBoneIndex":15,"length":0.0244},
{"name":"pinky.L.002","index":26,"matrix":[0.9816,-0.1758,-0.0745,0,0.1851,0.9718,0.1461,0,0.0467,-0.1572,0.9865,0,0,0.0244,0,1],"rest":[0.9816,-0.1758,-0.0745,0,0.1851,0.9718,0.1461,0,0.0467,-0.1572,0.9865,0,0,0.0244,0,1],"parentBoneIndex":25,"length":0.0215},
{"name":"pinky.L.003","index":27,"matrix":[0.7684,-0.1448,-0.6234,0,0.4816,0.7724,0.4141,0,0.4215,-0.6184,0.6632,0,0,0.0215,0,1],"rest":[0.7684,-0.1448,-0.6234,0,0.4816,0.7724,0.4141,0,0.4215,-0.6184,0.6632,0,0,0.0215,0,1],"parentBoneIndex":26,"length":0.0125},
{"name":"thumb.L.001","index":28,"matrix":[0.122,-0.6,0.7907,0,-0.5717,0.6087,0.5501,0,-0.8113,-0.5192,-0.2687,0,-0.0303,0.0161,0.0117,1],"rest":[0.122,-0.6,0.7907,0,-0.5717,0.6087,0.5501,0,-0.8113,-0.5192,-0.2687,0,-0.0303,0.0161,0.0117,1],"parentBoneIndex":15,"length":0.0262},
{"name":"thumb.L.002","index":29,"matrix":[0.9933,0.1155,-0.0037,0,-0.1117,0.9517,-0.286,0,-0.0295,0.2845,0.9582,0,0,0.0262,0,1],"rest":[0.9933,0.1155,-0.0037,0,-0.1117,0.9517,-0.286,0,-0.0295,0.2845,0.9582,0,0,0.0262,0,1],"parentBoneIndex":28,"length":0.0316},
{"name":"thumb.L.003","index":30,"matrix":[0.9527,0.3037,-0.0069,0,-0.2935,0.9144,-0.2789,0,-0.0784,0.2678,0.9603,0,0,0.0316,0,1],"rest":[0.9527,0.3037,-0.0069,0,-0.2935,0.9144,-0.2789,0,-0.0784,0.2678,0.9603,0,0,0.0316,0,1],"parentBoneIndex":29,"length":0.0224},
{"name":"upper_arm.R","index":31,"matrix":[0.8138,0.5746,0.0868,0,0.5783,-0.8155,-0.0235,0,0.0573,0.0693,-0.9959,0,0.16,0.1602,0.0013,1],"rest":[0.8138,0.5746,0.0868,0,0.5783,-0.8155,-0.0235,0,0.0573,0.0693,-0.9959,0,0.16,0.1602,0.0013,1],"parentBoneIndex":12,"length":0.2855},
{"name":"forearm.R","index":32,"matrix":[0.9668,0.2282,0.1149,0,-0.238,0.9679,0.0806,0,-0.0929,-0.1053,0.9901,0,0,0.2855,0,1],"rest":[0.9668,0.2282,0.1149,0,-0.238,0.9679,0.0806,0,-0.0929,-0.1053,0.9901,0,0,0.2855,0,1],"parentBoneIndex":31,"length":0.2646},
{"name":"hand.R","index":33,"matrix":[0.0697,-0.0534,0.9961,0,-0.067,0.9961,0.0581,0,-0.9953,-0.0708,0.0658,0,0,0.2646,0,1],"rest":[0.0697,-0.0534,0.9961,0,-0.067,0.9961,0.0581,0,-0.9953,-0.0708,0.0658,0,0,0.2646,0,1],"parentBoneIndex":32,"length":0.0634},
{"name":"index.R.001","index":34,"matrix":[-0.0168,0.4618,-0.8868,0,0.1581,0.877,0.4537,0,0.9873,-0.1326,-0.0877,0,0.0319,0.0805,0.005,1],"rest":[-0.0168,0.4618,-0.8868,0,0.1581,0.877,0.4537,0,0.9873,-0.1326,-0.0877,0,0.0319,0.0805,0.005,1],"parentBoneIndex":33,"length":0.0326},
{"name":"index.R.002","index":35,"matrix":[0.9479,0.247,-0.2012,0,-0.2829,0.943,-0.1753,0,0.1464,0.2231,0.9637,0,0,0.0326,0,1],"rest":[0.9479,0.247,-0.2012,0,-0.2829,0.943,-0.1753,0,0.1464,0.2231,0.9637,0,0,0.0326,0,1],"parentBoneIndex":34,"length":0.0215},
{"name":"index.R.003","index":36,"matrix":[0.83,0.5558,-0.0474,0,-0.5538,0.8312,0.0501,0,0.0673,-0.0153,0.9976,0,0,0.0215,0,1],"rest":[0.83,0.5558,-0.0474,0,-0.5538,0.8312,0.0501,0,0.0673,-0.0153,0.9976,0,0,0.0215,0,1],"parentBoneIndex":35,"length":0.0155},
{"name":"middle.R.001","index":37,"matrix":[-0.0339,0.2189,-0.9752,0,0.102,0.9714,0.2145,0,0.9942,-0.0922,-0.0552,0,0.0101,0.0805,0.0058,1],"rest":[-0.0339,0.2189,-0.9752,0,0.102,0.9714,0.2145,0,0.9942,-0.0922,-0.0552,0,0.0101,0.0805,0.0058,1],"parentBoneIndex":33,"length":0.0335},
{"name":"middle.R.002","index":38,"matrix":[0.874,0.4856,0.0178,0,-0.4859,0.8739,0.0166,0,-0.0075,-0.0231,0.9997,0,0,0.0335,0,1],"rest":[0.874,0.4856,0.0178,0,-0.4859,0.8739,0.0166,0,-0.0075,-0.0231,0.9997,0,0,0.0335,0,1],"parentBoneIndex":37,"length":0.0273},
{"name":"middle.R.003","index":39,"matrix":[0.8014,0.5962,-0.047,0,-0.5972,0.8021,-0.0068,0,0.0336,0.0335,0.9989,0,0,0.0273,0,1],"rest":[0.8014,0.5962,-0.047,0,-0.5972,0.8021,-0.0068,0,0.0336,0.0335,0.9989,0,0,0.0273,0,1],"parentBoneIndex":38,"length":0.0167},
{"name":"ring.R.001","index":40,"matrix":[-0.0264,0.1803,-0.9833,0,-0.0875,0.9794,0.1819,0,0.9958,0.0908,-0.0101,0,-0.0106,0.0788,0.0066,1],"rest":[-0.0264,0.1803,-0.9833,0,-0.0875,0.9794,0.1819,0,0.9958,0.0908,-0.0101,0,-0.0106,0.0788,0.0066,1],"parentBoneIndex":33,"length":0.0312},
{"name":"ring.R.002","index":41,"matrix":[0.89,0.4559,-0.0093,0,-0.4552,0.8893,0.0441,0,0.0284,-0.035,0.999,0,0,0.0312,0,1],"rest":[0.89,0.4559,-0.0093,0,-0.4552,0.8893,0.0441,0,0.0284,-0.035,0.999,0,0,0.0312,0,1],"parentBoneIndex":40,"length":0.0257},
{"name":"ring.R.003","index":42,"matrix":[0.7646,0.5221,0.3779,0,-0.6239,0.7466,0.2308,0,-0.1616,-0.4123,0.8966,0,0,0.0257,0,1],"rest":[0.7646,0.5221,0.3779,0,-0.6239,0.7466,0.2308,0,-0.1616,-0.4123,0.8966,0,0,0.0257,0,1],"parentBoneIndex":41,"length":0.0164},
{"name":"pinky.R.001","index":43,"matrix":[-0.062,0.5171,-0.8537,0,-0.1509,0.8406,0.5201,0,0.9866,0.1611,0.026,0,-0.0311,0.0749,0.0055,1],"rest":[-0.062,0.5171,-0.8537,0,-0.1509,0.8406,0.5201,0,0.9866,0.1611,0.026,0,-0.0311,0.0749,0.0055,1],"parentBoneIndex":33,"length":0.0244},
{"name":"pinky.R.002","index":44,"matrix":[0.9829,0.1751,0.0577,0,-0.182,0.9718,0.15,0,-0.0298,-0.1579,0.987,0,0,0.0244,0,1],"rest":[0.9829,0.1751,0.0577,0,-0.182,0.9718,0.15,0,-0.0298,-0.1579,0.987,0,0,0.0244,0,1],"parentBoneIndex":43,"length":0.0215},
{"name":"pinky.R.003","index":45,"matrix":[0.8734,0.3761,0.3094,0,-0.48,0.7724,0.416,0,-0.0825,-0.5118,0.8551,0,0,0.0215,0,1],"rest":[0.8734,0.3761,0.3094,0,-0.48,0.7724,0.416,0,-0.0825,-0.5118,0.8551,0,0,0.0215,0,1],"parentBoneIndex":44,"length":0.0125},
{"name":"thumb.R.001","index":46,"matrix":[0.2433,0.5146,-0.8222,0,0.5717,0.6087,0.5501,0,0.7836,-0.6039,-0.1461,0,0.0303,0.0159,0.0124,1],"rest":[0.2433,0.5146,-0.8222,0,0.5717,0.6087,0.5501,0,0.7836,-0.6039,-0.1461,0,0.0303,0.0159,0.0124,1],"parentBoneIndex":33,"length":0.0262},
{"name":"thumb.R.002","index":47,"matrix":[0.9873,-0.1068,-0.1179,0,0.0672,0.9517,-0.2995,0,0.1442,0.2878,0.9468,0,0,0.0262,0,1],"rest":[0.9873,-0.1068,-0.1179,0,0.0672,0.9517,-0.2995,0,0.1442,0.2878,0.9468,0,0,0.0262,0,1],"parentBoneIndex":46,"length":0.0316},
{"name":"thumb.R.003","index":48,"matrix":[0.9524,-0.3039,-0.0226,0,0.2849,0.9144,-0.2877,0,0.1081,0.2675,0.9575,0,0,0.0316,0,1],"rest":[0.9524,-0.3039,-0.0226,0,0.2849,0.9144,-0.2877,0,0.1081,0.2675,0.9575,0,0,0.0316,0,1],"parentBoneIndex":47,"length":0.0224},
{"name":"neck","index":49,"matrix":[0.956,0.1062,0.2736,0,-0.0116,0.9452,-0.3262,0,-0.2933,0.3086,0.9049,0,0,0.2262,0,1],"rest":[0.956,0.1062,0.2736,0,-0.0116,0.9452,-0.3262,0,-0.2933,0.3086,0.9048,0,0,0.2262,0,1],"parentBoneIndex":12,"length":0.0693},
{"name":"head","index":50,"matrix":[0.8332,0.0139,-0.5528,0,0.0368,0.9961,0.0805,0,0.5518,-0.0874,0.8294,0,0,0.0693,0,1],"rest":[0.8332,0.0139,-0.5528,0,0.0368,0.9961,0.0805,0,0.5518,-0.0874,0.8294,0,0,0.0693,0,1],"parentBoneIndex":49,"length":0.1755}]}],
"meshes":[{"name":"Human","id":"Human","billboardMode":0,"position":[0,0,0],"rotation":[0,0,0],"scaling":[1,1,1],"isVisible":true,"freezeWorldMatrix":false,"isEnabled":true,"checkCollisions":false,"receiveShadows":false,"skeletonId":0,"numBoneInfluencers":7
,"positions":[0.0855,1.185,-0.0327,0.1291,1.0596,0.0052,0.1049,1.1787,-0.0008,0.1033,1.1654,0.0666,0.1291,1.0596,0.0052,0.1151,1.0596,0.0934,0.127,1.2961,-0.0319,0.0891,1.2961,0.1299,0.1517,1.2961,0.1093,0.139,1.2961,0.0268,0.1049,1.1787,-0.0008,0.1573,1.3621,0.1382,0.1537,1.3509,0.0004,0.1407,1.3431,-0.0621,0.1332,1.3981,-0.0622,0.0977,1.4176,0.1619,0.1665,1.4204,0.129
,0.0942,1.4688,0.1413,0.1845,1.4761,0.0887,0.1686,1.4059,-0.0017,0.1201,1.4589,-0.0333,0.0795,1.5082,0.029,0.0652,1.4967,-0.0028,0.1736,1.4738,0.028,0.0747,1.5163,0.0673,0.0795,1.5082,0.029,0.0453,1.5438,0.004,0.0652,1.4967,-0.0028,0.0795,1.5082,0.029,0.0565,1.5537,0.0405,0.0628,1.5497,0.0247,0.0747,1.5163,0.0673,0.049,1.5558,0.0698,0.1736,1.4738,0.028
,0.2158,1.3938,0.0076,0.2436,1.4324,0.041,0.1845,1.4761,0.0887,0.2442,1.4351,0.095,0.1665,1.4204,0.129,0.217,1.3991,0.1328,0.1665,1.4204,0.129,0.1875,1.3547,0.1361,0.1573,1.3621,0.1382,0.1686,1.4059,-0.0017,0.1862,1.3497,0.0175,0.1537,1.3509,0.0004,0.1696,1.3237,0.0511,0.1573,1.3621,0.1382,0.1702,1.3257,0.1059,0.1517,1.2961,0.1093,0.1517,1.2961,0.1093
,0.139,1.2961,0.0268,0.1921,1.3093,0.0694,0.1875,1.3547,0.1361,0.1928,1.3125,0.1139,0.2099,1.3175,0.0421,0.2437,1.336,0.0333,0.2458,1.3452,0.1311,0.2118,1.3256,0.1411,0.2712,1.355,0.1005,0.2702,1.351,0.0593,0.0561,1.5724,0.0391,0.0603,1.5694,0.0233,0.0431,1.5436,-0.036,0.2864,1.2738,0.0363,0.3122,1.2947,0.0651,0.3122,1.2991,0.1105,0.2865,1.2841,0.1429
,0.253,1.2563,0.1398,0.2529,1.2473,0.0459,0.253,1.2563,0.1398,0.2348,1.2387,0.1131,0.2348,1.2351,0.0752,0.2876,1.1859,0.0953,0.2876,1.187,0.0712,0.2993,1.1947,0.1137,0.2993,1.1975,0.0537,0.3211,1.2153,0.0499,0.321,1.2122,0.1191,0.2993,1.1947,0.1137,0.3377,1.2247,0.0998,0.3377,1.2261,0.0704,0.3809,1.1769,0.0615,0.381,1.1743,0.1029,0.3587,1.1546,0.1298
,0.2993,1.1947,0.1137,0.3298,1.1283,0.1219,0.3584,1.1608,0.0325,0.3296,1.1337,0.0372,0.3298,1.1283,0.1219,0.3141,1.1153,0.0956,0.314,1.1174,0.0617,0.3716,1.0227,0.0841,0.3716,1.0242,0.0603,0.3833,1.0308,0.1026,0.3833,1.0346,0.0432,0.4049,1.0518,0.0399,0.4047,1.0474,0.1082,0.3833,1.0308,0.1026,0.4212,1.0599,0.0894,0.4213,1.0618,0.0604,0.0479,0.8752,0.1075
,0.1145,0.8941,0.1361,0.0755,0.8363,0.106,0.0322,0.8606,0.0604,0.0483,0.8198,0.0628,0.0322,0.8606,0.0604,0.0478,0.835,0.0124,0.033,0.8777,0.0147,0.0619,0.8862,-0.0357,0.0512,0.932,-0.037,0.1181,0.955,-0.0552,0.0895,1.0299,-0.0316,0.1487,0.9928,0.0099,0.1405,0.9611,0.1004,0.1487,0.9928,0.0099,0.1145,0.8941,0.1361,0.204,0.7937,0.0932,0.1569,0.7776,0.1283
,0.1181,0.955,-0.0552,0.2141,0.7972,-0.0064,0.1487,0.9928,0.0099,0.1405,0.9611,0.1004,0.0619,0.8862,-0.0357,0.1703,0.7822,-0.0615,0.1181,0.955,-0.0552,0.0478,0.835,0.0124,0.1053,0.7599,-0.0492,0.0619,0.8862,-0.0357,0.0483,0.8198,0.0628,0.0649,0.7461,0.0014,0.0478,0.835,0.0124,0.0483,0.8198,0.0628,0.093,0.7557,0.1186,0.0604,0.7446,0.0687,0.0755,0.8363,0.106
,0.1953,0.5682,0.0888,0.1562,0.5598,0.082,0.1349,0.5622,0.0497,0.0604,0.7446,0.0687,0.1371,0.5713,0.0102,0.1625,0.582,-0.0194,0.202,0.5908,-0.0253,0.2275,0.5914,0.0083,0.2247,0.5839,0.0546,0.2325,0.5353,0.0582,0.2016,0.5304,0.0917,0.2148,0.5112,-0.0108,0.2371,0.5236,0.0167,0.1777,0.5076,-0.0026,0.1349,0.5622,0.0497,0.1531,0.5118,0.0251,0.149,0.5171,0.061
,0.166,0.5227,0.0896,0.232,0.3992,0.141,0.1819,0.3886,0.1385,0.1551,0.3789,0.1009,0.149,0.5171,0.061,0.1587,0.3729,0.0511,0.1949,0.3737,0.0137,0.248,0.3827,0.004,0.2707,0.4019,0.0969,0.2797,0.3945,0.0406,0.2552,0.2493,0.1124,0.2865,0.2492,0.051,0.2818,0.2523,0.086,0.2652,0.2421,0.0288,0.2047,0.2329,0.0568,0.2301,0.2353,0.0331,0.2017,0.2356,0.0881
,0.2215,0.242,0.1116,0.2017,0.2356,0.0881,0.2365,0.1452,0.1022,0.2017,0.2356,0.0881,0.2222,0.1462,0.0787,0.2222,0.1462,0.0787,0.2284,0.1464,0.0517,0.2529,0.1477,0.0329,0.2829,0.1482,0.0363,0.2912,0.1474,0.0857,0.2989,0.1475,0.0563,0.2653,0.1456,0.1064,0.2653,0.1456,0.1064,0.3031,0.0855,0.0858,0.2685,0.067,0.1254,0.2989,0.1475,0.0563,0.2949,0.1106,0.0114
,0.3132,0.091,0.0406,0.2989,0.1475,0.0563,0.2912,0.1474,0.0857,0.2829,0.1482,0.0363,0.2588,0.1106,0.0061,0.2529,0.1477,0.0329,0.2292,0.091,0.0287,0.2284,0.1464,0.0517,0.2185,0.0855,0.0737,0.2365,0.1452,0.1022,0.2222,0.1462,0.0787,0.2653,0.1456,0.1064,0.2338,0.067,0.1203,0.2365,0.1452,0.1022,0.2664,0.0786,-0.0518,0.3044,0.0786,-0.0463,0.2349,0.0178,0.0313
,0.3072,0.0178,0.0419,0.3042,0.0149,0.0887,0.3262,0.0555,-0.0262,0.3285,0.0128,-0.0254,0.2365,0.0555,-0.0393,0.2338,0.0128,-0.0392,0.2383,0.048,-0.1039,0.3393,0.048,-0.0892,0.3435,0.0123,-0.0916,0.2693,0.0132,0.1257,0.2329,0.0132,0.1204,0.2338,0.067,0.1203,0.217,0.0149,0.076,0.3133,0.0607,-0.1136,0.2733,0.0607,-0.1194,0.3373,0.0464,-0.1241,0.3401,0.0123,-0.1303
,0.2347,0.0123,-0.1074,0.2499,0.0464,-0.1368,0.3144,0.0499,-0.1442,0.2819,0.0125,-0.1634,0.3168,0.0125,-0.1584,0.249,0.0123,-0.1435,0.2801,0.0499,-0.1492,0.2557,0.0012,-0.1395,0.2819,0.0014,-0.1595,0.3325,0.0012,-0.1283,0.3155,0.0014,-0.1547,0.3347,0.0012,-0.091,0.2349,0.0014,0.1139,0.2246,0.0014,0.0729,0.2697,0.0014,0.1189,0.2349,0.0014,0.1139,0.3212,0.0014,-0.0268
,0.243,0.0012,-0.1044,0.2412,0.004,0.0296,0.2411,0.0014,-0.0385,0.3015,0.004,0.0384,0.2978,0.0014,0.0835,0.3015,0.004,0.0384,0.2411,0.0014,-0.0385,0.2412,0.004,0.0296,0.3347,0.0012,-0.091,0.2411,0.0014,-0.0385,0.3212,0.0014,-0.0268,0.243,0.0012,-0.1044,0.3325,0.0012,-0.1283,0.2557,0.0012,-0.1395,0.2819,0.0014,-0.1595,0.3325,0.0012,-0.1283,0.3155,0.0014,-0.1547
,0.2978,0.0014,0.0835,0.2412,0.004,0.0296,0.2246,0.0014,0.0729,0.2697,0.0014,0.1189,0.2246,0.0014,0.0729,0.2349,0.0014,0.1139,0.3897,0.9009,0.0168,0.4066,0.9028,0.0259,0.3981,0.8945,0.0228,0.4189,0.9068,0.0132,0.3978,0.8993,0.0034,0.4074,0.8929,0.0092,0.3976,0.8695,0.0138,0.3861,0.8946,0.0154,0.3959,0.8909,0.0221,0.3947,0.8925,0.0007,0.4031,0.8699,0.0057
,0.4058,0.8888,0.0075,0.4105,0.9249,0.0522,0.399,0.9296,0.0361,0.4006,0.9498,0.0524,0.4112,0.9046,0.0302,0.4079,0.9193,0.0423,0.4184,0.8992,0.035,0.4208,0.9044,0.0495,0.3954,0.9171,0.0261,0.4379,0.9097,0.0265,0.4181,0.9368,0.0232,0.4279,0.9127,0.0192,0.4075,0.921,0.0131,0.4408,0.8497,0.0919,0.4354,0.844,0.1008,0.4383,0.8501,0.1018,0.4266,0.8498,0.097
,0.4317,0.8526,0.0877,0.4284,0.8538,0.0979,0.4379,0.8436,0.0913,0.4301,0.8357,0.0985,0.4328,0.8356,0.0899,0.4275,0.8319,0.0972,0.4228,0.8409,0.0953,0.4299,0.8487,0.0873,0.4212,0.8372,0.0944,0.426,0.8399,0.0864,0.4302,0.8318,0.089,0.4181,0.8252,0.0896,0.416,0.8301,0.0888,0.4243,0.8363,0.0859,0.4439,0.8658,0.0889,0.4425,0.8751,0.1007,0.4497,0.8725,0.0849
,0.441,0.8668,0.101,0.4285,0.8724,0.0971,0.4321,0.8651,0.0851,0.4336,0.8696,0.0816,0.4284,0.8668,0.0973,0.4358,0.863,0.0782,0.4379,0.868,0.0626,0.4541,0.8618,0.0664,0.4559,0.8709,0.0614,0.4203,0.8143,0.0683,0.4293,0.8225,0.0633,0.4275,0.8232,0.0745,0.4375,0.8171,0.0654,0.4232,0.8083,0.0685,0.4361,0.8168,0.076,0.4313,0.8271,0.0638,0.4295,0.8279,0.0755
,0.4358,0.8381,0.0645,0.434,0.839,0.0773,0.4407,0.8219,0.0661,0.4395,0.8217,0.0773,0.4468,0.8321,0.0672,0.446,0.832,0.0794,0.4362,0.8441,0.0782,0.4389,0.8618,0.0652,0.4494,0.8397,0.0804,0.4514,0.8628,0.0817,0.4379,0.8431,0.065,0.4502,0.8397,0.0676,0.4486,0.8391,0.0374,0.4459,0.8296,0.0495,0.4501,0.8375,0.0509,0.434,0.8374,0.052,0.4361,0.8433,0.0387
,0.4367,0.8426,0.0533,0.4447,0.8313,0.0364,0.4383,0.8191,0.0472,0.4376,0.8208,0.0353,0.4343,0.8143,0.046,0.4283,0.826,0.0493,0.4335,0.8382,0.038,0.4258,0.8213,0.0481,0.428,0.8267,0.0365,0.4339,0.816,0.0345,0.4231,0.8071,0.04,0.4168,0.813,0.0421,0.4256,0.822,0.0357,0.4529,0.8732,0.0391,0.4547,0.862,0.0562,0.4521,0.8636,0.0405,0.4382,0.8624,0.0585
,0.4357,0.8698,0.0429,0.4373,0.8634,0.0441,0.4535,0.9108,0.0619,0.4467,0.911,0.0412,0.4467,0.8766,0.0221,0.4483,0.9121,0.0841,0.4233,0.9068,0.0666,0.4239,0.9088,0.084,0.4317,0.8727,0.0252,0.4345,0.8654,0.038,0.4494,0.8657,0.0338,0.4124,0.8219,0.0223,0.4198,0.8307,0.0158,0.4214,0.8292,0.0271,0.4272,0.8251,0.0129,0.4145,0.8161,0.0198,0.4289,0.8228,0.0232
,0.4221,0.835,0.0165,0.4239,0.8335,0.0282,0.4273,0.8455,0.0179,0.4294,0.844,0.0307,0.4306,0.8295,0.0134,0.4327,0.8273,0.0241,0.4373,0.8391,0.0142,0.44,0.8369,0.0258,0.4321,0.8487,0.0318,0.4312,0.8671,0.0235,0.4449,0.868,0.0198,0.4441,0.8441,0.0271,0.4298,0.8502,0.0186,0.4411,0.8463,0.0151,0.4436,0.9325,0.044,0.4432,0.9571,0.0621,0.431,0.9531,0.0394
,0.4469,0.9305,0.0803,0.4393,0.9182,0.0987,0.4411,0.9517,0.0857,0.4494,0.9324,0.0622,0.4181,0.9267,0.0836,0.403,0.9492,0.0733,0.4135,0.9469,0.0915,0.4236,0.9148,0.1001,0.4143,0.9269,0.0686,0.392,0.9014,0.009,0.3992,0.9218,0.0196,0.4045,0.8924,0.0172,0.4149,0.902,0.0196,0.4045,0.8924,0.0172,0.4007,0.8693,0.0099,0.4028,0.8891,0.0162,0.4007,0.8693,0.0099
,0.3938,0.8677,0.0112,0.3883,0.8943,0.0068,0.396,0.867,0.0068,0.4028,0.8891,0.0162,0.4007,0.8693,0.0099,0.399,0.868,0.0029,0.4215,0.904,0.0238,0.4288,0.8991,0.0275,0.4215,0.904,0.0238,0.4149,0.902,0.0196,0.4215,0.904,0.0238,0.4101,0.953,0.0409,0.4057,0.9378,0.0295,0.4165,0.8273,0.0893,0.4175,0.8298,0.0851,0.4165,0.8273,0.0893,0.4195,0.8251,0.086
,0.4182,0.8271,0.0851,0.4304,0.847,0.1008,0.4304,0.847,0.1008,0.4327,0.8521,0.1018,0.4344,0.846,0.0874,0.4368,0.851,0.0878,0.4344,0.846,0.0874,0.4259,0.8384,0.0986,0.4304,0.847,0.1008,0.4259,0.8384,0.0986,0.4237,0.8347,0.0974,0.4259,0.8384,0.0986,0.4237,0.8347,0.0974,0.4344,0.846,0.0874,0.4299,0.8377,0.0865,0.4299,0.8377,0.0865,0.4278,0.834,0.0858
,0.4237,0.8347,0.0974,0.4278,0.834,0.0858,0.4344,0.8741,0.1015,0.434,0.867,0.1015,0.4344,0.8741,0.1015,0.4327,0.8521,0.1018,0.4385,0.8652,0.0848,0.4416,0.8696,0.0837,0.4385,0.8652,0.0848,0.4385,0.8652,0.0848,0.4478,0.8676,0.0619,0.4478,0.8676,0.0619,0.447,0.8615,0.0633,0.443,0.863,0.0824,0.4416,0.8696,0.0837,0.443,0.863,0.0824,0.4212,0.8142,0.0635
,0.4337,0.8198,0.0622,0.424,0.8085,0.0638,0.4337,0.8198,0.0622,0.4221,0.8109,0.0631,0.4315,0.8201,0.0774,0.4315,0.8201,0.0774,0.4211,0.8109,0.0686,0.4362,0.8245,0.0627,0.4362,0.8245,0.0627,0.4337,0.8198,0.0622,0.4415,0.835,0.0634,0.4415,0.835,0.0634,0.4362,0.8245,0.0627,0.4341,0.8249,0.0786,0.4315,0.8201,0.0774,0.4341,0.8249,0.0786,0.4397,0.8357,0.0808
,0.447,0.8615,0.0633,0.4442,0.8413,0.0638,0.4425,0.842,0.0818,0.443,0.863,0.0824,0.4425,0.842,0.0818,0.4415,0.835,0.0634,0.4397,0.8357,0.0808,0.4425,0.842,0.0818,0.4211,0.8109,0.0686,0.4178,0.8093,0.0415,0.4169,0.8134,0.0368,0.4178,0.8093,0.0415,0.4198,0.8074,0.0352,0.4176,0.81,0.0355,0.44,0.8333,0.0534,0.44,0.8333,0.0534,0.4435,0.8399,0.0548
,0.4421,0.8415,0.0353,0.4421,0.8415,0.0353,0.4389,0.835,0.0346,0.4333,0.8224,0.0507,0.44,0.8333,0.0534,0.4333,0.8224,0.0507,0.4301,0.8176,0.0494,0.4333,0.8224,0.0507,0.4301,0.8176,0.0494,0.4389,0.835,0.0346,0.4327,0.824,0.0335,0.4327,0.824,0.0335,0.4297,0.8193,0.0328,0.4301,0.8176,0.0494,0.4297,0.8193,0.0328,0.4478,0.8676,0.0619,0.4467,0.8618,0.06
,0.4435,0.8399,0.0548,0.4447,0.8701,0.0405,0.4447,0.8701,0.0405,0.4444,0.8636,0.0396,0.4444,0.8636,0.0396,0.4421,0.8415,0.0353,0.4288,0.8991,0.0275,0.4382,0.8751,0.0206,0.4307,0.9174,0.1026,0.4344,0.8741,0.1015,0.4307,0.9174,0.1026,0.4372,0.8679,0.0189,0.4372,0.8679,0.0189,0.4447,0.8701,0.0405,0.4426,0.8651,0.0384,0.4119,0.8227,0.0174,0.4231,0.8283,0.0123
,0.414,0.8171,0.0151,0.4231,0.8283,0.0123,0.4123,0.8196,0.0159,0.4254,0.8257,0.0272,0.4254,0.8257,0.0272,0.413,0.8186,0.0214,0.426,0.8326,0.0128,0.426,0.8326,0.0128,0.4231,0.8283,0.0123,0.4318,0.8427,0.0137,0.426,0.8326,0.0128,0.4318,0.8427,0.0137,0.4286,0.8301,0.0284,0.4254,0.8257,0.0272,0.4286,0.8301,0.0284,0.4351,0.8401,0.0307,0.4349,0.8486,0.0144
,0.4372,0.8679,0.0189,0.4385,0.8461,0.032,0.4385,0.8461,0.032,0.4349,0.8486,0.0144,0.4318,0.8427,0.0137,0.4351,0.8401,0.0307,0.4385,0.8461,0.032,0.413,0.8186,0.0214,0.428,0.95,0.0965,0.4307,0.9174,0.1026,0.4357,0.9779,0.0622,0.4257,0.9749,0.048,0.4357,0.9779,0.0622,0.4348,0.9755,0.0797,0.4357,0.9779,0.0622,0.4348,0.9755,0.0797,0.4245,0.9713,0.0895
,0.4245,0.9713,0.0895,0.3833,1.0308,0.1026,0.428,0.95,0.0965,0.4117,0.9663,0.086,0.4245,0.9713,0.0895,0.4257,0.9749,0.048,0.4109,0.9693,0.0491,0.4109,0.9693,0.0491,0.4033,0.966,0.0588,0.4117,0.9663,0.086,0.4039,0.9648,0.0736,0.4039,0.9648,0.0736,0.0739,0.9153,0.1563,0.0747,1.1597,0.0956,0.0802,1.0579,0.1229,0.0834,1.0048,0.1606,0,1.0176,-0.0761
,0.0479,1.1935,-0.076,0,1.1947,-0.082,0.0281,1.1566,0.1112,0,1.2961,0.1313,0.0291,1.2961,0.1386,0,1.2961,-0.1025,0.0697,1.2887,-0.0909,0,1.3241,-0.1131,0,1.355,0.1439,0.0292,1.3558,0.167,0,1.4125,0.1484,0.0271,1.4142,0.1617,0.0808,1.3811,-0.1003,0,1.3788,-0.106,0,1.436,-0.073,0.0247,1.4682,0.1483,0,1.5176,0.1095
,0.0258,1.5193,0.1046,0.0368,1.4876,-0.0207,0,1.4861,-0.026,0.0258,1.5193,0.1046,0,1.5521,0.0891,0.0203,1.5533,0.0859,0,1.4861,-0.026,0.0234,1.537,-0.0135,0,1.5339,-0.0231,0.0246,1.5331,-0.0724,0,1.5328,-0.0757,0,1.5869,0.0843,0.0205,1.5865,0.0812,0,1.7669,0.0438,0.0313,1.7619,-0.0102,0.0314,1.7631,0.0435,0,1.7656,-0.0154
,0.0235,1.7387,-0.0604,0.0264,1.7437,0.0861,0.0358,0.9503,-0.0502,0.0437,1.0176,-0.0716,0,0.8894,0.005,0.02,0.8865,0.0074,0,0.8779,0.0549,0.0119,0.8745,0.0568,0.0119,0.8745,0.0568,0,0.8942,0.1042,0.0147,0.8915,0.1042,0,0.9285,0.1348,0.0324,1.0008,0.1677,0.0305,0.9197,0.1591,0.0386,1.0514,0.1315,0,1.1562,0.1133,0,1.0008,0.1395
,0.0799,1.318,-0.1024,0.0948,1.3554,0.1643,0.0679,1.4446,-0.0693,0.0977,1.4176,0.1619,0.0628,1.5221,0.0867,0.0628,1.5221,0.0867,0.0652,1.4967,-0.0028,0.0368,1.4876,-0.0207,0.047,1.5809,0.0647,0.0593,1.7437,-0.0015,0.0596,1.7446,0.0386,0.0506,1.7251,-0.0433,0.0523,1.7336,0.0674,0.0322,0.8606,0.0604,0.0146,1.6139,-0.0813,0.0485,1.6369,-0.0685,0.0109,1.6392,-0.082
,0.0179,1.6742,-0.0842,0,1.7413,-0.0675,0,1.6685,-0.092,0.0466,1.6784,-0.0649,0.0434,1.6594,-0.0651,0.0592,1.6693,-0.05,0.0469,1.6562,-0.0631,0.0632,1.6557,-0.0472,0.0592,1.6427,-0.0552,0.0432,1.6533,-0.0652,0.0334,1.6523,-0.0692,0.0337,1.661,-0.0691,0.0099,1.6559,-0.0767,0.0259,1.6596,-0.0734,0.0255,1.6535,-0.0736,0.0226,1.656,-0.0702,0.0748,1.6334,-0.0341
,0.0741,1.6578,-0.0198,0.0697,1.7074,-0.0317,0.0532,1.6131,-0.0575,0.0773,1.6639,0.0346,0.0764,1.712,0.0102,0.0752,1.6613,0.0205,0.0758,1.7126,0.0358,0.061,1.7099,0.0778,0.0662,1.6676,0.0843,0,1.6831,0.1213,0.0284,1.713,0.1078,0.0285,1.6789,0.1185,0,1.7156,0.1108,0.0264,1.7437,0.0861,0.065,1.6181,0.0798,0.0762,1.6386,0.0332,0.0708,1.6121,0.0335
,0.0667,1.6416,0.0828,0,1.6534,0.1193,0.0283,1.6518,0.1154,0,1.6312,0.1176,0.0667,1.6416,0.0828,0.0282,1.6293,0.1128,0.0737,1.6371,0.0117,0.0709,1.6157,0.0213,0,1.6569,-0.0856,0.012,1.6156,-0.1064,0,1.6066,-0.104,0.0125,1.6122,-0.1,0,1.6038,-0.0845,0,1.6363,-0.1012,0.0113,1.5941,-0.0802,0.0348,1.5969,-0.0711,0.0106,1.5645,-0.0795
,0,1.5641,-0.0827,0.0319,1.5645,-0.0643,0.0626,1.5919,0.0361,0.0676,1.59,0.0224,0.0575,1.5866,-0.0482,0.0573,1.6007,0.0686,0,1.608,0.0999,0.0236,1.6065,0.0954,0.0319,1.5645,-0.0643,0.0381,1.5829,-0.0643,0.0348,1.5969,-0.0711,0.0297,1.5816,-0.071,0.0319,1.5645,-0.0643,0.0262,1.5809,-0.0725,0.0262,1.5809,-0.0725,0.0095,1.5802,-0.0815,0.0095,1.5802,-0.0815
,0,1.5798,-0.0838,0.0263,1.5817,-0.0727,0.0348,1.5969,-0.0711,0,1.594,-0.082,0.0094,1.5815,-0.0812,0.0828,1.6513,0.0604,0.0882,1.6191,0.0511,0.0806,1.6202,0.0543,0.0835,1.6656,0.045,0.0963,1.6508,0.056,0.0709,1.6157,0.0213,0.0762,1.6387,0.0198,0.0737,1.6371,0.0117,0.0785,1.612,0.0322,0.0752,1.6613,0.0205,0.0737,1.6371,0.0117,0.0895,1.6647,0.0424
,0.0845,1.6657,0.0337,0.0762,1.6386,0.0332,0.0742,1.6114,0.0399,0.0708,1.6121,0.0335,0.0772,1.6451,0.0432,0.0773,1.6639,0.0346,0.0762,1.6386,0.0332,0.0796,1.6666,0.0369,0.0708,1.6121,0.0335,0.0709,1.6157,0.0213,0.0773,1.6639,0.0346,0.0752,1.6613,0.0205,0.0796,1.6666,0.0369,0,1.5815,-0.0335,0.0131,1.5969,-0.058,0,1.5984,-0.058,0.0131,1.5663,-0.058
,0.0196,1.5815,-0.037,0.0223,1.5936,-0.058,0.0222,1.5696,-0.058,0.0262,1.5809,-0.0725,0.0089,1.5784,-0.0778,0.0095,1.5802,-0.0815,0.0222,1.5696,-0.058,0.0278,1.5795,-0.0681,0.0088,1.5836,-0.0775,0.0263,1.5817,-0.0727,0.0094,1.5815,-0.0812,0.0278,1.5833,-0.0684,0,1.5827,-0.082,0.0094,1.5815,-0.0812,0,1.5805,-0.0855,0.0088,1.5836,-0.0775,0.0095,1.5802,-0.0815
,0,1.5778,-0.0802,0,1.5798,-0.0838,0.0089,1.5784,-0.0778,0,1.5648,-0.058,0.0297,1.5816,-0.071,0.0278,1.5795,-0.0681,0.0262,1.5809,-0.0725,0.0334,1.582,-0.0656,0.0278,1.5795,-0.0681,0.0297,1.5816,-0.071,0.0263,1.5817,-0.0727,0.0334,1.582,-0.0656,-0.0855,1.185,-0.0327,-0.1291,1.0596,0.0052,-0.0895,1.0299,-0.0316,-0.1033,1.1654,0.0666,-0.1291,1.0596,0.0052
,-0.1049,1.1787,-0.0008,-0.127,1.2961,-0.0319,-0.1049,1.1787,-0.0008,-0.0891,1.2961,0.1299,-0.0747,1.1597,0.0956,-0.139,1.2961,0.0268,-0.1517,1.2961,0.1093,-0.1573,1.3621,0.1382,-0.1537,1.3509,0.0004,-0.139,1.2961,0.0268,-0.1332,1.3981,-0.0622,-0.1407,1.3431,-0.0621,-0.0977,1.4176,0.1619,-0.0948,1.3554,0.1643,-0.1665,1.4204,0.129,-0.0942,1.4688,0.1413,-0.1201,1.4589,-0.0333
,-0.1686,1.4059,-0.0017,-0.0795,1.5082,0.029,-0.1736,1.4738,0.028,-0.0747,1.5163,0.0673,-0.1845,1.4761,0.0887,-0.0453,1.5438,0.004,-0.0795,1.5082,0.029,-0.0652,1.4967,-0.0028,-0.0795,1.5082,0.029,-0.0565,1.5537,0.0405,-0.0747,1.5163,0.0673,-0.0747,1.5163,0.0673,-0.049,1.5558,0.0698,-0.0628,1.5221,0.0867,-0.1736,1.4738,0.028,-0.2158,1.3938,0.0076,-0.1686,1.4059,-0.0017
,-0.1845,1.4761,0.0887,-0.2436,1.4324,0.041,-0.1736,1.4738,0.028,-0.1665,1.4204,0.129,-0.2442,1.4351,0.095,-0.1845,1.4761,0.0887,-0.1875,1.3547,0.1361,-0.1665,1.4204,0.129,-0.1573,1.3621,0.1382,-0.1686,1.4059,-0.0017,-0.1862,1.3497,0.0175,-0.1537,1.3509,0.0004,-0.1537,1.3509,0.0004,-0.1696,1.3237,0.0511,-0.139,1.2961,0.0268,-0.1702,1.3257,0.1059,-0.1573,1.3621,0.1382
,-0.1517,1.2961,0.1093,-0.1517,1.2961,0.1093,-0.139,1.2961,0.0268,-0.1921,1.3093,0.0694,-0.1928,1.3125,0.1139,-0.1875,1.3547,0.1361,-0.2099,1.3175,0.0421,-0.2437,1.336,0.0333,-0.2458,1.3452,0.1311,-0.217,1.3991,0.1328,-0.2712,1.355,0.1005,-0.2702,1.351,0.0593,-0.0561,1.5724,0.0391,-0.0603,1.5694,0.0233,-0.0628,1.5497,0.0247,-0.2864,1.2738,0.0363,-0.3122,1.2947,0.0651
,-0.3122,1.2991,0.1105,-0.2118,1.3256,0.1411,-0.2865,1.2841,0.1429,-0.2529,1.2473,0.0459,-0.253,1.2563,0.1398,-0.2118,1.3256,0.1411,-0.2348,1.2387,0.1131,-0.2348,1.2351,0.0752,-0.2876,1.1859,0.0953,-0.2993,1.1947,0.1137,-0.2876,1.187,0.0712,-0.3211,1.2153,0.0499,-0.253,1.2563,0.1398,-0.321,1.2122,0.1191,-0.3377,1.2247,0.0998,-0.3377,1.2261,0.0704,-0.3809,1.1769,0.0615
,-0.381,1.1743,0.1029,-0.2993,1.1947,0.1137,-0.3587,1.1546,0.1298,-0.3584,1.1608,0.0325,-0.2993,1.1975,0.0537,-0.3296,1.1337,0.0372,-0.3298,1.1283,0.1219,-0.3141,1.1153,0.0956,-0.314,1.1174,0.0617,-0.3716,1.0227,0.0841,-0.3833,1.0308,0.1026,-0.3833,1.0346,0.0432,-0.4049,1.0518,0.0399,-0.3298,1.1283,0.1219,-0.4047,1.0474,0.1082,-0.4212,1.0599,0.0894,-0.4213,1.0618,0.0604
,-0.0479,0.8752,0.1075,-0.1145,0.8941,0.1361,-0.0739,0.9153,0.1563,-0.0322,0.8606,0.0604,-0.0755,0.8363,0.106,-0.0478,0.835,0.0124,-0.0322,0.8606,0.0604,-0.033,0.8777,0.0147,-0.0619,0.8862,-0.0357,-0.0512,0.932,-0.037,-0.1181,0.955,-0.0552,-0.1151,1.0596,0.0934,-0.1487,0.9928,0.0099,-0.1291,1.0596,0.0052,-0.1487,0.9928,0.0099,-0.1145,0.8941,0.1361,-0.204,0.7937,0.0932
,-0.1405,0.9611,0.1004,-0.2141,0.7972,-0.0064,-0.1181,0.955,-0.0552,-0.1487,0.9928,0.0099,-0.1487,0.9928,0.0099,-0.1703,0.7822,-0.0615,-0.0619,0.8862,-0.0357,-0.1181,0.955,-0.0552,-0.1053,0.7599,-0.0492,-0.0478,0.835,0.0124,-0.0619,0.8862,-0.0357,-0.0649,0.7461,0.0014,-0.0483,0.8198,0.0628,-0.0478,0.835,0.0124,-0.0483,0.8198,0.0628,-0.093,0.7557,0.1186,-0.0755,0.8363,0.106
,-0.0755,0.8363,0.106,-0.1569,0.7776,0.1283,-0.1145,0.8941,0.1361,-0.1953,0.5682,0.0888,-0.1349,0.5622,0.0497,-0.0604,0.7446,0.0687,-0.1371,0.5713,0.0102,-0.0604,0.7446,0.0687,-0.1625,0.582,-0.0194,-0.202,0.5908,-0.0253,-0.2275,0.5914,0.0083,-0.2247,0.5839,0.0546,-0.2325,0.5353,0.0582,-0.2148,0.5112,-0.0108,-0.2371,0.5236,0.0167,-0.1777,0.5076,-0.0026,-0.1531,0.5118,0.0251
,-0.1349,0.5622,0.0497,-0.149,0.5171,0.061,-0.1562,0.5598,0.082,-0.166,0.5227,0.0896,-0.232,0.3992,0.141,-0.2016,0.5304,0.0917,-0.1551,0.3789,0.1009,-0.1587,0.3729,0.0511,-0.149,0.5171,0.061,-0.1949,0.3737,0.0137,-0.2707,0.4019,0.0969,-0.248,0.3827,0.004,-0.2552,0.2493,0.1124,-0.2865,0.2492,0.051,-0.2797,0.3945,0.0406,-0.2818,0.2523,0.086,-0.2652,0.2421,0.0288
,-0.2047,0.2329,0.0568,-0.2017,0.2356,0.0881,-0.1551,0.3789,0.1009,-0.2215,0.242,0.1116,-0.1819,0.3886,0.1385,-0.2365,0.1452,0.1022,-0.2017,0.2356,0.0881,-0.2222,0.1462,0.0787,-0.2301,0.2353,0.0331,-0.2284,0.1464,0.0517,-0.2529,0.1477,0.0329,-0.2912,0.1474,0.0857,-0.2829,0.1482,0.0363,-0.2653,0.1456,0.1064,-0.2653,0.1456,0.1064,-0.3031,0.0855,0.0858,-0.2912,0.1474,0.0857
,-0.2989,0.1475,0.0563,-0.2949,0.1106,0.0114,-0.2829,0.1482,0.0363,-0.2912,0.1474,0.0857,-0.2829,0.1482,0.0363,-0.2588,0.1106,0.0061,-0.2529,0.1477,0.0329,-0.2529,0.1477,0.0329,-0.2292,0.091,0.0287,-0.2284,0.1464,0.0517,-0.2284,0.1464,0.0517,-0.2185,0.0855,0.0737,-0.2222,0.1462,0.0787,-0.2365,0.1452,0.1022,-0.2222,0.1462,0.0787,-0.2338,0.067,0.1203,-0.2653,0.1456,0.1064
,-0.2365,0.1452,0.1022,-0.2664,0.0786,-0.0518,-0.2349,0.0178,0.0313,-0.3072,0.0178,0.0419,-0.3132,0.091,0.0406,-0.3262,0.0555,-0.0262,-0.2365,0.0555,-0.0393,-0.3044,0.0786,-0.0463,-0.2383,0.048,-0.1039,-0.2338,0.0128,-0.0392,-0.3285,0.0128,-0.0254,-0.3393,0.048,-0.0892,-0.2693,0.0132,0.1257,-0.2685,0.067,0.1254,-0.3042,0.0149,0.0887,-0.217,0.0149,0.076,-0.2338,0.067,0.1203
,-0.3133,0.0607,-0.1136,-0.3435,0.0123,-0.0916,-0.3373,0.0464,-0.1241,-0.2499,0.0464,-0.1368,-0.2347,0.0123,-0.1074,-0.3144,0.0499,-0.1442,-0.2733,0.0607,-0.1194,-0.2819,0.0125,-0.1634,-0.2801,0.0499,-0.1492,-0.3401,0.0123,-0.1303,-0.249,0.0123,-0.1435,-0.2557,0.0012,-0.1395,-0.3325,0.0012,-0.1283,-0.3168,0.0125,-0.1584,-0.3155,0.0014,-0.1547,-0.2349,0.0014,0.1139,-0.2329,0.0132,0.1204
,-0.2697,0.0014,0.1189,-0.2349,0.0014,0.1139,-0.2329,0.0132,0.1204,-0.3347,0.0012,-0.091,-0.243,0.0012,-0.1044,-0.2412,0.004,0.0296,-0.3015,0.004,0.0384,-0.2978,0.0014,0.0835,-0.2246,0.0014,0.0729,-0.2411,0.0014,-0.0385,-0.3015,0.004,0.0384,-0.2412,0.004,0.0296,-0.3347,0.0012,-0.091,-0.3212,0.0014,-0.0268,-0.243,0.0012,-0.1044,-0.3325,0.0012,-0.1283,-0.3347,0.0012,-0.091
,-0.3325,0.0012,-0.1283,-0.2819,0.0014,-0.1595,-0.3155,0.0014,-0.1547,-0.2412,0.004,0.0296,-0.2978,0.0014,0.0835,-0.2246,0.0014,0.0729,-0.2246,0.0014,0.0729,-0.2697,0.0014,0.1189,-0.2349,0.0014,0.1139,-0.3897,0.9009,0.0168,-0.4066,0.9028,0.0259,-0.3954,0.9171,0.0261,-0.3978,0.8993,0.0034,-0.4189,0.9068,0.0132,-0.4074,0.8929,0.0092,-0.3861,0.8946,0.0154,-0.3976,0.8695,0.0138
,-0.3959,0.8909,0.0221,-0.3947,0.8925,0.0007,-0.4031,0.8699,0.0057,-0.399,0.868,0.0029,-0.3981,0.8945,0.0228,-0.4058,0.8888,0.0075,-0.399,0.9296,0.0361,-0.4105,0.9249,0.0522,-0.4006,0.9498,0.0524,-0.4079,0.9193,0.0423,-0.4112,0.9046,0.0302,-0.4184,0.8992,0.035,-0.4208,0.9044,0.0495,-0.4181,0.9368,0.0232,-0.4379,0.9097,0.0265,-0.4279,0.9127,0.0192,-0.4075,0.921,0.0131
,-0.4408,0.8497,0.0919,-0.4354,0.844,0.1008,-0.4379,0.8436,0.0913,-0.4317,0.8526,0.0877,-0.4266,0.8498,0.097,-0.4284,0.8538,0.0979,-0.4301,0.8357,0.0985,-0.4328,0.8356,0.0899,-0.4275,0.8319,0.0972,-0.4302,0.8318,0.089,-0.4299,0.8487,0.0873,-0.4228,0.8409,0.0953,-0.426,0.8399,0.0864,-0.4212,0.8372,0.0944,-0.4181,0.8252,0.0896,-0.4195,0.8251,0.086,-0.4243,0.8363,0.0859
,-0.416,0.8301,0.0888,-0.4425,0.8751,0.1007,-0.4439,0.8658,0.0889,-0.4497,0.8725,0.0849,-0.441,0.8668,0.101,-0.4285,0.8724,0.0971,-0.4321,0.8651,0.0851,-0.4284,0.8668,0.0973,-0.4379,0.868,0.0626,-0.4358,0.863,0.0782,-0.4336,0.8696,0.0816,-0.4541,0.8618,0.0664,-0.4559,0.8709,0.0614,-0.4293,0.8225,0.0633,-0.4203,0.8143,0.0683,-0.4275,0.8232,0.0745,-0.4375,0.8171,0.0654
,-0.4232,0.8083,0.0685,-0.424,0.8085,0.0638,-0.4313,0.8271,0.0638,-0.4295,0.8279,0.0755,-0.4358,0.8381,0.0645,-0.434,0.839,0.0773,-0.4407,0.8219,0.0661,-0.4361,0.8168,0.076,-0.4468,0.8321,0.0672,-0.4395,0.8217,0.0773,-0.4389,0.8618,0.0652,-0.4362,0.8441,0.0782,-0.4494,0.8397,0.0804,-0.4502,0.8397,0.0676,-0.4379,0.8431,0.065,-0.446,0.832,0.0794,-0.4486,0.8391,0.0374
,-0.4459,0.8296,0.0495,-0.4447,0.8313,0.0364,-0.4361,0.8433,0.0387,-0.434,0.8374,0.052,-0.4367,0.8426,0.0533,-0.4383,0.8191,0.0472,-0.4376,0.8208,0.0353,-0.4343,0.8143,0.046,-0.4339,0.816,0.0345,-0.4335,0.8382,0.038,-0.4283,0.826,0.0493,-0.428,0.8267,0.0365,-0.4258,0.8213,0.0481,-0.4231,0.8071,0.04,-0.4198,0.8074,0.0352,-0.4256,0.822,0.0357,-0.4168,0.813,0.0421
,-0.4529,0.8732,0.0391,-0.4547,0.862,0.0562,-0.4521,0.8636,0.0405,-0.4501,0.8375,0.0509,-0.4357,0.8698,0.0429,-0.4382,0.8624,0.0585,-0.4373,0.8634,0.0441,-0.4535,0.9108,0.0619,-0.4467,0.8766,0.0221,-0.4467,0.911,0.0412,-0.4483,0.9121,0.0841,-0.4393,0.9182,0.0987,-0.4233,0.9068,0.0666,-0.4239,0.9088,0.084,-0.4317,0.8727,0.0252,-0.4345,0.8654,0.038,-0.4494,0.8657,0.0338
,-0.4449,0.868,0.0198,-0.4198,0.8307,0.0158,-0.4124,0.8219,0.0223,-0.4214,0.8292,0.0271,-0.4272,0.8251,0.0129,-0.4145,0.8161,0.0198,-0.414,0.8171,0.0151,-0.4221,0.835,0.0165,-0.4239,0.8335,0.0282,-0.4273,0.8455,0.0179,-0.4294,0.844,0.0307,-0.4306,0.8295,0.0134,-0.4289,0.8228,0.0232,-0.4373,0.8391,0.0142,-0.4327,0.8273,0.0241,-0.4312,0.8671,0.0235,-0.4321,0.8487,0.0318
,-0.4441,0.8441,0.0271,-0.4411,0.8463,0.0151,-0.4298,0.8502,0.0186,-0.44,0.8369,0.0258,-0.4432,0.9571,0.0621,-0.4436,0.9325,0.044,-0.431,0.9531,0.0394,-0.4494,0.9324,0.0622,-0.4469,0.9305,0.0803,-0.4411,0.9517,0.0857,-0.403,0.9492,0.0733,-0.4181,0.9267,0.0836,-0.4135,0.9469,0.0915,-0.4236,0.9148,0.1001,-0.4143,0.9269,0.0686,-0.392,0.9014,0.009,-0.3992,0.9218,0.0196
,-0.4045,0.8924,0.0172,-0.4149,0.902,0.0196,-0.4149,0.902,0.0196,-0.4007,0.8693,0.0099,-0.4028,0.8891,0.0162,-0.4007,0.8693,0.0099,-0.3938,0.8677,0.0112,-0.3883,0.8943,0.0068,-0.396,0.867,0.0068,-0.4028,0.8891,0.0162,-0.4007,0.8693,0.0099,-0.4215,0.904,0.0238,-0.4288,0.8991,0.0275,-0.4288,0.8991,0.0275,-0.4215,0.904,0.0238,-0.4101,0.953,0.0409,-0.4057,0.9378,0.0295
,-0.4175,0.8298,0.0851,-0.4165,0.8273,0.0893,-0.4165,0.8273,0.0893,-0.4383,0.8501,0.1018,-0.4304,0.847,0.1008,-0.4304,0.847,0.1008,-0.4344,0.846,0.0874,-0.4368,0.851,0.0878,-0.4344,0.846,0.0874,-0.4259,0.8384,0.0986,-0.4304,0.847,0.1008,-0.4259,0.8384,0.0986,-0.4237,0.8347,0.0974,-0.4259,0.8384,0.0986,-0.4237,0.8347,0.0974,-0.4299,0.8377,0.0865,-0.4344,0.846,0.0874
